969.5
267.5
194.5
313.0
1409.5
328.0
622.0
478.0
995.5
662.5
661.5
1139.5
552.0
338.5
260.0
686.0
832.5
1403.5
304.0
348.0
137.5
246.5
232.0
330.5
218.0
295.5
237.5
1197.0
976.5
312.0
701.0
707.0
343.5
371.5
565.0
545.5
260.5
134.5
517.0
1204.5
604.5
792.5
131.5
805.0
1005.5
364.0
734.0
1704.0
511.0
649.5
420.5
1958.5
1480.5
631.0
361.0
292.5
197.0
531.5
1025.5
1300.5
2399.0
750.5
693.0
526.0
746.5
720.5
1258.0
707.5
169.5
288.0
158.5
204.0
317.0
454.0
493.5
155.5
768.5
203.5
1315.0
638.0
1444.0
688.5
1305.0
310.5
570.0
274.0
1065.0
246.0
241.5
115.5
902.5
596.0
225.5
457.5
535.0
1449.0
1119.5
1168.5
396.5
682.5
352.0
443.5
917.5
572.5
241.0
489.5
749.5
418.0
226.0
509.0
211.5
190.0
142.0
251.0
1442.5
208.5
272.5
2102.5
453.0
465.5
706.0
755.0
433.5
686.0
873.0
497.5
782.0
1977.5
464.0
466.5
153.0
548.0
